- base-source:
  Face143:
    Area: 1.0
    Centroid: [5.0, 1.0, 5.0]
    PositionOne: [0.0, 0.0, 0.0]
    PositionTwo: [0.0, 0.0, 0.0]
    PositionThree: [0.0, 0.0, 0.0]
    measuredAngle: 0.0
    Normals: [0.0, 57.29577951308232, 0.0]
  Face144:
    Area: 1.0
    Centroid: [5.0, 0.0, 5.0]
    PositionOne: [0.0, 0.0, 0.0]
    PositionTwo: [0.0, 0.0, 0.0]
    PositionThree: [0.0, 0.0, 0.0]
    measuredAngle: 0.0
    Normals: [0.0, 57.29577951308232, 0.0]
